mse: 0.025128007024046915
rmse: 0.1585181599188147
mae: 0.10630240819624501
mre: 162.34432716066337
ae_95: 0.2605905801057809
ae_99: 0.6456415915489199
r2: 0.8964033899180561
l2_error: 0.29963506744625185
