mse: 0.10703233078113693
rmse: 0.32715795998437347
mae: 0.24777707250678596
mre: 29.614449524369956
ae_95: 0.8100771817378698
ae_99: 0.9558571165055029
r2: 0.002087159908130354
l2_error: 0.39037948555514934
