mse: 0.02902804226566822
rmse: 0.17037617869194102
mae: 0.12975600208483148
mre: 25.117739057087725
ae_95: 0.3378702342510223
ae_99: 0.5026838931441301
r2: 0.7293578875818993
l2_error: 0.19309242704130758
