mse: 0.031538160517999334
rmse: 0.17758986603407115
mae: 0.13440349728996803
mre: 35.85319841612516
ae_95: 0.35737245678901663
ae_99: 0.5248861554078741
r2: 0.7059548726623024
l2_error: 0.20809492513977126
