mse: 0.02090673673222247
rmse: 0.1445916205463597
mae: 0.08975076421878994
mre: 97.97688874946076
ae_95: 0.2311860382556915
ae_99: 0.6003106999397279
r2: 0.9138066520253191
l2_error: 0.26383966241532264
