mse: 0.028939292960907418
rmse: 0.17011552827683726
mae: 0.13115813775253832
mre: 22.09697667825036
ae_95: 0.3408985167741775
ae_99: 0.49377653989940723
r2: 0.7301853391577332
l2_error: 0.1936004284872467
